======================================================================
ALPHA SWEEP - TAXINET
Alphas: [0.01, 0.025, 0.05, 0.075, 0.1, 0.15, 0.2, 0.3]
Betas:  [0.7, 0.8, 0.9]
Seeds:  [42, 123, 456, 789, 1024]
Total MC cells: 720
======================================================================

======================================================================
ALPHA = 0.01
======================================================================
  Loading cached RL agent for alpha=0.01
/home/dev/ipomdp_shielding/ipomdp_shielding_/ipomdp_shielding/MonteCarlo/neural_action_selector.py:961: FutureWarning: You are using `torch.load` with `weights_only=False` (the current default value), which uses the default pickle module implicitly. It is possible to construct malicious pickle data which will execute arbitrary code during unpickling (See https://github.com/pytorch/pytorch/blob/main/SECURITY.md#untrusted-models for more details). In a future release, the default value for `weights_only` will be flipped to `True`. This limits the functions that could be executed during unpickling. Arbitrary objects will no longer be allowed to be loaded via this mode unless they are explicitly allowlisted by the user via `torch.serialization.add_safe_globals`. We recommend you start setting `weights_only=True` for any use case where you don't have full control of the loaded file. Please open an issue on GitHub for any issues related to this experimental feature.
  checkpoint = torch.load(filepath, map_location=device)

  --- beta = 0.7 ---
    Training adversarial realization (envelope) for alpha=0.01, beta=0.7...
      uniform/single_belief/seed=42: fail=50.0% stuck=5.0% safe=45.0%
      uniform/envelope/seed=42: fail=32.5% stuck=5.0% safe=62.5%
      uniform/forward_sampling/seed=42: fail=35.0% stuck=0.0% safe=65.0%
      adversarial_opt/single_belief/seed=42: fail=47.5% stuck=2.5% safe=50.0%
      adversarial_opt/envelope/seed=42: fail=37.5% stuck=2.5% safe=60.0%
      adversarial_opt/forward_sampling/seed=42: fail=42.5% stuck=2.5% safe=55.0%
      uniform/single_belief/seed=123: fail=42.5% stuck=0.0% safe=57.5%
      uniform/envelope/seed=123: fail=15.0% stuck=10.0% safe=75.0%
      uniform/forward_sampling/seed=123: fail=35.0% stuck=7.5% safe=57.5%
      adversarial_opt/single_belief/seed=123: fail=40.0% stuck=0.0% safe=60.0%
      adversarial_opt/envelope/seed=123: fail=37.5% stuck=5.0% safe=57.5%
      adversarial_opt/forward_sampling/seed=123: fail=32.5% stuck=7.5% safe=60.0%
      uniform/single_belief/seed=456: fail=40.0% stuck=2.5% safe=57.5%
      uniform/envelope/seed=456: fail=27.5% stuck=7.5% safe=65.0%
      uniform/forward_sampling/seed=456: fail=32.5% stuck=2.5% safe=65.0%
      adversarial_opt/single_belief/seed=456: fail=35.0% stuck=0.0% safe=65.0%
      adversarial_opt/envelope/seed=456: fail=20.0% stuck=5.0% safe=75.0%
      adversarial_opt/forward_sampling/seed=456: fail=30.0% stuck=5.0% safe=65.0%
      uniform/single_belief/seed=789: fail=27.5% stuck=0.0% safe=72.5%
      uniform/envelope/seed=789: fail=30.0% stuck=5.0% safe=65.0%
      uniform/forward_sampling/seed=789: fail=37.5% stuck=0.0% safe=62.5%
      adversarial_opt/single_belief/seed=789: fail=20.0% stuck=0.0% safe=80.0%
      adversarial_opt/envelope/seed=789: fail=35.0% stuck=7.5% safe=57.5%
      adversarial_opt/forward_sampling/seed=789: fail=47.5% stuck=7.5% safe=45.0%
      uniform/single_belief/seed=1024: fail=47.5% stuck=0.0% safe=52.5%
      uniform/envelope/seed=1024: fail=25.0% stuck=5.0% safe=70.0%
      uniform/forward_sampling/seed=1024: fail=22.5% stuck=2.5% safe=75.0%
      adversarial_opt/single_belief/seed=1024: fail=35.0% stuck=2.5% safe=62.5%
      adversarial_opt/envelope/seed=1024: fail=30.0% stuck=7.5% safe=62.5%
      adversarial_opt/forward_sampling/seed=1024: fail=45.0% stuck=5.0% safe=50.0%

  --- beta = 0.8 ---
    Training adversarial realization (envelope) for alpha=0.01, beta=0.8...
      uniform/single_belief/seed=42: fail=27.5% stuck=0.0% safe=72.5%
      uniform/envelope/seed=42: fail=30.0% stuck=10.0% safe=60.0%
      uniform/forward_sampling/seed=42: fail=22.5% stuck=5.0% safe=72.5%
      adversarial_opt/single_belief/seed=42: fail=35.0% stuck=0.0% safe=65.0%
      adversarial_opt/envelope/seed=42: fail=32.5% stuck=7.5% safe=60.0%
      adversarial_opt/forward_sampling/seed=42: fail=27.5% stuck=2.5% safe=70.0%
      uniform/single_belief/seed=123: fail=47.5% stuck=2.5% safe=50.0%
      uniform/envelope/seed=123: fail=47.5% stuck=7.5% safe=45.0%
      uniform/forward_sampling/seed=123: fail=35.0% stuck=2.5% safe=62.5%
      adversarial_opt/single_belief/seed=123: fail=35.0% stuck=5.0% safe=60.0%
      adversarial_opt/envelope/seed=123: fail=35.0% stuck=10.0% safe=55.0%
      adversarial_opt/forward_sampling/seed=123: fail=32.5% stuck=7.5% safe=60.0%
      uniform/single_belief/seed=456: fail=32.5% stuck=5.0% safe=62.5%
      uniform/envelope/seed=456: fail=35.0% stuck=12.5% safe=52.5%
      uniform/forward_sampling/seed=456: fail=37.5% stuck=7.5% safe=55.0%
      adversarial_opt/single_belief/seed=456: fail=42.5% stuck=0.0% safe=57.5%
      adversarial_opt/envelope/seed=456: fail=32.5% stuck=7.5% safe=60.0%
      adversarial_opt/forward_sampling/seed=456: fail=42.5% stuck=0.0% safe=57.5%
      uniform/single_belief/seed=789: fail=32.5% stuck=2.5% safe=65.0%
      uniform/envelope/seed=789: fail=35.0% stuck=12.5% safe=52.5%
      uniform/forward_sampling/seed=789: fail=27.5% stuck=2.5% safe=70.0%
      adversarial_opt/single_belief/seed=789: fail=40.0% stuck=0.0% safe=60.0%
      adversarial_opt/envelope/seed=789: fail=37.5% stuck=10.0% safe=52.5%
      adversarial_opt/forward_sampling/seed=789: fail=30.0% stuck=7.5% safe=62.5%
      uniform/single_belief/seed=1024: fail=37.5% stuck=0.0% safe=62.5%
      uniform/envelope/seed=1024: fail=35.0% stuck=2.5% safe=62.5%
      uniform/forward_sampling/seed=1024: fail=35.0% stuck=2.5% safe=62.5%
      adversarial_opt/single_belief/seed=1024: fail=30.0% stuck=5.0% safe=65.0%
      adversarial_opt/envelope/seed=1024: fail=50.0% stuck=7.5% safe=42.5%
      adversarial_opt/forward_sampling/seed=1024: fail=42.5% stuck=7.5% safe=50.0%

  --- beta = 0.9 ---
    Training adversarial realization (envelope) for alpha=0.01, beta=0.9...
      uniform/single_belief/seed=42: fail=30.0% stuck=7.5% safe=62.5%
      uniform/envelope/seed=42: fail=15.0% stuck=30.0% safe=55.0%
      uniform/forward_sampling/seed=42: fail=32.5% stuck=10.0% safe=57.5%
      adversarial_opt/single_belief/seed=42: fail=40.0% stuck=0.0% safe=60.0%
      adversarial_opt/envelope/seed=42: fail=30.0% stuck=27.5% safe=42.5%
      adversarial_opt/forward_sampling/seed=42: fail=32.5% stuck=20.0% safe=47.5%
      uniform/single_belief/seed=123: fail=40.0% stuck=2.5% safe=57.5%
      uniform/envelope/seed=123: fail=22.5% stuck=25.0% safe=52.5%
      uniform/forward_sampling/seed=123: fail=25.0% stuck=17.5% safe=57.5%
      adversarial_opt/single_belief/seed=123: fail=30.0% stuck=0.0% safe=70.0%
      adversarial_opt/envelope/seed=123: fail=22.5% stuck=20.0% safe=57.5%
      adversarial_opt/forward_sampling/seed=123: fail=40.0% stuck=17.5% safe=42.5%
      uniform/single_belief/seed=456: fail=37.5% stuck=7.5% safe=55.0%
      uniform/envelope/seed=456: fail=20.0% stuck=12.5% safe=67.5%
      uniform/forward_sampling/seed=456: fail=37.5% stuck=12.5% safe=50.0%
      adversarial_opt/single_belief/seed=456: fail=32.5% stuck=2.5% safe=65.0%
      adversarial_opt/envelope/seed=456: fail=25.0% stuck=15.0% safe=60.0%
      adversarial_opt/forward_sampling/seed=456: fail=12.5% stuck=12.5% safe=75.0%
      uniform/single_belief/seed=789: fail=37.5% stuck=2.5% safe=60.0%
      uniform/envelope/seed=789: fail=42.5% stuck=25.0% safe=32.5%
      uniform/forward_sampling/seed=789: fail=32.5% stuck=17.5% safe=50.0%
      adversarial_opt/single_belief/seed=789: fail=32.5% stuck=5.0% safe=62.5%
      adversarial_opt/envelope/seed=789: fail=42.5% stuck=22.5% safe=35.0%
      adversarial_opt/forward_sampling/seed=789: fail=35.0% stuck=22.5% safe=42.5%
      uniform/single_belief/seed=1024: fail=40.0% stuck=5.0% safe=55.0%
      uniform/envelope/seed=1024: fail=30.0% stuck=5.0% safe=65.0%
      uniform/forward_sampling/seed=1024: fail=22.5% stuck=10.0% safe=67.5%
      adversarial_opt/single_belief/seed=1024: fail=32.5% stuck=5.0% safe=62.5%
      adversarial_opt/envelope/seed=1024: fail=37.5% stuck=15.0% safe=47.5%
      adversarial_opt/forward_sampling/seed=1024: fail=22.5% stuck=10.0% safe=67.5%

======================================================================
ALPHA = 0.025
======================================================================
  Training RL agent for alpha=0.025...

  --- beta = 0.7 ---
    Training adversarial realization (envelope) for alpha=0.025, beta=0.7...
      uniform/single_belief/seed=42: fail=35.0% stuck=0.0% safe=65.0%
      uniform/envelope/seed=42: fail=30.0% stuck=5.0% safe=65.0%
      uniform/forward_sampling/seed=42: fail=30.0% stuck=5.0% safe=65.0%
      adversarial_opt/single_belief/seed=42: fail=42.5% stuck=0.0% safe=57.5%
      adversarial_opt/envelope/seed=42: fail=47.5% stuck=7.5% safe=45.0%
      adversarial_opt/forward_sampling/seed=42: fail=42.5% stuck=0.0% safe=57.5%
      uniform/single_belief/seed=123: fail=20.0% stuck=0.0% safe=80.0%
      uniform/envelope/seed=123: fail=37.5% stuck=0.0% safe=62.5%
      uniform/forward_sampling/seed=123: fail=27.5% stuck=5.0% safe=67.5%
      adversarial_opt/single_belief/seed=123: fail=45.0% stuck=0.0% safe=55.0%
      adversarial_opt/envelope/seed=123: fail=30.0% stuck=7.5% safe=62.5%
      adversarial_opt/forward_sampling/seed=123: fail=42.5% stuck=2.5% safe=55.0%
      uniform/single_belief/seed=456: fail=42.5% stuck=0.0% safe=57.5%
      uniform/envelope/seed=456: fail=35.0% stuck=5.0% safe=60.0%
      uniform/forward_sampling/seed=456: fail=42.5% stuck=0.0% safe=57.5%
      adversarial_opt/single_belief/seed=456: fail=57.5% stuck=0.0% safe=42.5%
      adversarial_opt/envelope/seed=456: fail=35.0% stuck=2.5% safe=62.5%
      adversarial_opt/forward_sampling/seed=456: fail=55.0% stuck=0.0% safe=45.0%
      uniform/single_belief/seed=789: fail=50.0% stuck=0.0% safe=50.0%
      uniform/envelope/seed=789: fail=52.5% stuck=0.0% safe=47.5%
      uniform/forward_sampling/seed=789: fail=35.0% stuck=7.5% safe=57.5%
      adversarial_opt/single_belief/seed=789: fail=50.0% stuck=0.0% safe=50.0%
      adversarial_opt/envelope/seed=789: fail=47.5% stuck=7.5% safe=45.0%
      adversarial_opt/forward_sampling/seed=789: fail=42.5% stuck=7.5% safe=50.0%
      uniform/single_belief/seed=1024: fail=32.5% stuck=0.0% safe=67.5%
      uniform/envelope/seed=1024: fail=27.5% stuck=5.0% safe=67.5%
      uniform/forward_sampling/seed=1024: fail=37.5% stuck=5.0% safe=57.5%
      adversarial_opt/single_belief/seed=1024: fail=52.5% stuck=0.0% safe=47.5%
      adversarial_opt/envelope/seed=1024: fail=47.5% stuck=5.0% safe=47.5%
      adversarial_opt/forward_sampling/seed=1024: fail=47.5% stuck=5.0% safe=47.5%

  --- beta = 0.8 ---
    Training adversarial realization (envelope) for alpha=0.025, beta=0.8...
      uniform/single_belief/seed=42: fail=42.5% stuck=0.0% safe=57.5%
      uniform/envelope/seed=42: fail=20.0% stuck=7.5% safe=72.5%
      uniform/forward_sampling/seed=42: fail=35.0% stuck=2.5% safe=62.5%
      adversarial_opt/single_belief/seed=42: fail=47.5% stuck=0.0% safe=52.5%
      adversarial_opt/envelope/seed=42: fail=27.5% stuck=10.0% safe=62.5%
      adversarial_opt/forward_sampling/seed=42: fail=42.5% stuck=0.0% safe=57.5%
      uniform/single_belief/seed=123: fail=37.5% stuck=0.0% safe=62.5%
      uniform/envelope/seed=123: fail=32.5% stuck=5.0% safe=62.5%
      uniform/forward_sampling/seed=123: fail=37.5% stuck=2.5% safe=60.0%
      adversarial_opt/single_belief/seed=123: fail=40.0% stuck=0.0% safe=60.0%
      adversarial_opt/envelope/seed=123: fail=32.5% stuck=5.0% safe=62.5%
      adversarial_opt/forward_sampling/seed=123: fail=32.5% stuck=2.5% safe=65.0%
      uniform/single_belief/seed=456: fail=35.0% stuck=0.0% safe=65.0%
      uniform/envelope/seed=456: fail=32.5% stuck=2.5% safe=65.0%
      uniform/forward_sampling/seed=456: fail=42.5% stuck=7.5% safe=50.0%
      adversarial_opt/single_belief/seed=456: fail=52.5% stuck=0.0% safe=47.5%
      adversarial_opt/envelope/seed=456: fail=35.0% stuck=7.5% safe=57.5%
      adversarial_opt/forward_sampling/seed=456: fail=32.5% stuck=0.0% safe=67.5%
      uniform/single_belief/seed=789: fail=35.0% stuck=0.0% safe=65.0%
      uniform/envelope/seed=789: fail=45.0% stuck=2.5% safe=52.5%
      uniform/forward_sampling/seed=789: fail=35.0% stuck=0.0% safe=65.0%
      adversarial_opt/single_belief/seed=789: fail=32.5% stuck=0.0% safe=67.5%
      adversarial_opt/envelope/seed=789: fail=35.0% stuck=10.0% safe=55.0%
      adversarial_opt/forward_sampling/seed=789: fail=35.0% stuck=0.0% safe=65.0%
      uniform/single_belief/seed=1024: fail=27.5% stuck=2.5% safe=70.0%
      uniform/envelope/seed=1024: fail=32.5% stuck=0.0% safe=67.5%
      uniform/forward_sampling/seed=1024: fail=42.5% stuck=2.5% safe=55.0%
      adversarial_opt/single_belief/seed=1024: fail=52.5% stuck=0.0% safe=47.5%
      adversarial_opt/envelope/seed=1024: fail=30.0% stuck=7.5% safe=62.5%
      adversarial_opt/forward_sampling/seed=1024: fail=35.0% stuck=5.0% safe=60.0%

  --- beta = 0.9 ---
    Training adversarial realization (envelope) for alpha=0.025, beta=0.9...
      uniform/single_belief/seed=42: fail=37.5% stuck=2.5% safe=60.0%
      uniform/envelope/seed=42: fail=27.5% stuck=25.0% safe=47.5%
      uniform/forward_sampling/seed=42: fail=40.0% stuck=7.5% safe=52.5%
      adversarial_opt/single_belief/seed=42: fail=42.5% stuck=2.5% safe=55.0%
      adversarial_opt/envelope/seed=42: fail=22.5% stuck=30.0% safe=47.5%
      adversarial_opt/forward_sampling/seed=42: fail=37.5% stuck=15.0% safe=47.5%
      uniform/single_belief/seed=123: fail=32.5% stuck=0.0% safe=67.5%
      uniform/envelope/seed=123: fail=27.5% stuck=12.5% safe=60.0%
      uniform/forward_sampling/seed=123: fail=25.0% stuck=10.0% safe=65.0%
      adversarial_opt/single_belief/seed=123: fail=37.5% stuck=2.5% safe=60.0%
      adversarial_opt/envelope/seed=123: fail=32.5% stuck=10.0% safe=57.5%
      adversarial_opt/forward_sampling/seed=123: fail=32.5% stuck=5.0% safe=62.5%
      uniform/single_belief/seed=456: fail=22.5% stuck=2.5% safe=75.0%
      uniform/envelope/seed=456: fail=35.0% stuck=10.0% safe=55.0%
      uniform/forward_sampling/seed=456: fail=27.5% stuck=15.0% safe=57.5%
      adversarial_opt/single_belief/seed=456: fail=32.5% stuck=2.5% safe=65.0%
      adversarial_opt/envelope/seed=456: fail=32.5% stuck=17.5% safe=50.0%
      adversarial_opt/forward_sampling/seed=456: fail=30.0% stuck=10.0% safe=60.0%
      uniform/single_belief/seed=789: fail=25.0% stuck=0.0% safe=75.0%
      uniform/envelope/seed=789: fail=40.0% stuck=15.0% safe=45.0%
      uniform/forward_sampling/seed=789: fail=45.0% stuck=10.0% safe=45.0%
      adversarial_opt/single_belief/seed=789: fail=27.5% stuck=2.5% safe=70.0%
      adversarial_opt/envelope/seed=789: fail=30.0% stuck=17.5% safe=52.5%
      adversarial_opt/forward_sampling/seed=789: fail=45.0% stuck=0.0% safe=55.0%
      uniform/single_belief/seed=1024: fail=35.0% stuck=2.5% safe=62.5%
      uniform/envelope/seed=1024: fail=30.0% stuck=12.5% safe=57.5%
      uniform/forward_sampling/seed=1024: fail=30.0% stuck=10.0% safe=60.0%
      adversarial_opt/single_belief/seed=1024: fail=30.0% stuck=5.0% safe=65.0%
      adversarial_opt/envelope/seed=1024: fail=17.5% stuck=22.5% safe=60.0%
      adversarial_opt/forward_sampling/seed=1024: fail=25.0% stuck=17.5% safe=57.5%

======================================================================
ALPHA = 0.05
======================================================================
  Training RL agent for alpha=0.05...

  --- beta = 0.7 ---
    Training adversarial realization (envelope) for alpha=0.05, beta=0.7...
      uniform/single_belief/seed=42: fail=35.0% stuck=0.0% safe=65.0%
      uniform/envelope/seed=42: fail=45.0% stuck=5.0% safe=50.0%
      uniform/forward_sampling/seed=42: fail=40.0% stuck=2.5% safe=57.5%
      adversarial_opt/single_belief/seed=42: fail=32.5% stuck=0.0% safe=67.5%
      adversarial_opt/envelope/seed=42: fail=27.5% stuck=2.5% safe=70.0%
      adversarial_opt/forward_sampling/seed=42: fail=35.0% stuck=2.5% safe=62.5%
      uniform/single_belief/seed=123: fail=45.0% stuck=0.0% safe=55.0%
      uniform/envelope/seed=123: fail=37.5% stuck=7.5% safe=55.0%
      uniform/forward_sampling/seed=123: fail=32.5% stuck=0.0% safe=67.5%
      adversarial_opt/single_belief/seed=123: fail=42.5% stuck=0.0% safe=57.5%
      adversarial_opt/envelope/seed=123: fail=37.5% stuck=7.5% safe=55.0%
      adversarial_opt/forward_sampling/seed=123: fail=42.5% stuck=0.0% safe=57.5%
      uniform/single_belief/seed=456: fail=40.0% stuck=0.0% safe=60.0%
      uniform/envelope/seed=456: fail=42.5% stuck=5.0% safe=52.5%
      uniform/forward_sampling/seed=456: fail=42.5% stuck=0.0% safe=57.5%
      adversarial_opt/single_belief/seed=456: fail=57.5% stuck=0.0% safe=42.5%
      adversarial_opt/envelope/seed=456: fail=30.0% stuck=5.0% safe=65.0%
      adversarial_opt/forward_sampling/seed=456: fail=40.0% stuck=2.5% safe=57.5%
      uniform/single_belief/seed=789: fail=42.5% stuck=0.0% safe=57.5%
      uniform/envelope/seed=789: fail=67.5% stuck=2.5% safe=30.0%
      uniform/forward_sampling/seed=789: fail=47.5% stuck=2.5% safe=50.0%
      adversarial_opt/single_belief/seed=789: fail=32.5% stuck=0.0% safe=67.5%
      adversarial_opt/envelope/seed=789: fail=40.0% stuck=5.0% safe=55.0%
      adversarial_opt/forward_sampling/seed=789: fail=32.5% stuck=5.0% safe=62.5%
      uniform/single_belief/seed=1024: fail=37.5% stuck=0.0% safe=62.5%
      uniform/envelope/seed=1024: fail=20.0% stuck=10.0% safe=70.0%
      uniform/forward_sampling/seed=1024: fail=40.0% stuck=0.0% safe=60.0%
      adversarial_opt/single_belief/seed=1024: fail=37.5% stuck=0.0% safe=62.5%
      adversarial_opt/envelope/seed=1024: fail=27.5% stuck=10.0% safe=62.5%
      adversarial_opt/forward_sampling/seed=1024: fail=37.5% stuck=5.0% safe=57.5%

  --- beta = 0.8 ---
    Training adversarial realization (envelope) for alpha=0.05, beta=0.8...
      uniform/single_belief/seed=42: fail=30.0% stuck=0.0% safe=70.0%
      uniform/envelope/seed=42: fail=32.5% stuck=7.5% safe=60.0%
      uniform/forward_sampling/seed=42: fail=12.5% stuck=2.5% safe=85.0%
      adversarial_opt/single_belief/seed=42: fail=25.0% stuck=5.0% safe=70.0%
      adversarial_opt/envelope/seed=42: fail=30.0% stuck=7.5% safe=62.5%
      adversarial_opt/forward_sampling/seed=42: fail=40.0% stuck=5.0% safe=55.0%
      uniform/single_belief/seed=123: fail=27.5% stuck=0.0% safe=72.5%
      uniform/envelope/seed=123: fail=35.0% stuck=2.5% safe=62.5%
      uniform/forward_sampling/seed=123: fail=32.5% stuck=5.0% safe=62.5%
      adversarial_opt/single_belief/seed=123: fail=40.0% stuck=0.0% safe=60.0%
      adversarial_opt/envelope/seed=123: fail=25.0% stuck=7.5% safe=67.5%
      adversarial_opt/forward_sampling/seed=123: fail=32.5% stuck=2.5% safe=65.0%
      uniform/single_belief/seed=456: fail=37.5% stuck=0.0% safe=62.5%
      uniform/envelope/seed=456: fail=37.5% stuck=5.0% safe=57.5%
      uniform/forward_sampling/seed=456: fail=42.5% stuck=5.0% safe=52.5%
      adversarial_opt/single_belief/seed=456: fail=50.0% stuck=2.5% safe=47.5%
      adversarial_opt/envelope/seed=456: fail=37.5% stuck=5.0% safe=57.5%
      adversarial_opt/forward_sampling/seed=456: fail=42.5% stuck=5.0% safe=52.5%
      uniform/single_belief/seed=789: fail=32.5% stuck=0.0% safe=67.5%
      uniform/envelope/seed=789: fail=50.0% stuck=7.5% safe=42.5%
      uniform/forward_sampling/seed=789: fail=67.5% stuck=5.0% safe=27.5%
      adversarial_opt/single_belief/seed=789: fail=47.5% stuck=0.0% safe=52.5%
      adversarial_opt/envelope/seed=789: fail=47.5% stuck=7.5% safe=45.0%
      adversarial_opt/forward_sampling/seed=789: fail=35.0% stuck=2.5% safe=62.5%
      uniform/single_belief/seed=1024: fail=35.0% stuck=0.0% safe=65.0%
      uniform/envelope/seed=1024: fail=25.0% stuck=7.5% safe=67.5%
      uniform/forward_sampling/seed=1024: fail=52.5% stuck=5.0% safe=42.5%
      adversarial_opt/single_belief/seed=1024: fail=45.0% stuck=0.0% safe=55.0%
      adversarial_opt/envelope/seed=1024: fail=40.0% stuck=15.0% safe=45.0%
      adversarial_opt/forward_sampling/seed=1024: fail=40.0% stuck=7.5% safe=52.5%

  --- beta = 0.9 ---
    Training adversarial realization (envelope) for alpha=0.05, beta=0.9...
      uniform/single_belief/seed=42: fail=40.0% stuck=0.0% safe=60.0%
      uniform/envelope/seed=42: fail=45.0% stuck=7.5% safe=47.5%
      uniform/forward_sampling/seed=42: fail=22.5% stuck=17.5% safe=60.0%
      adversarial_opt/single_belief/seed=42: fail=42.5% stuck=0.0% safe=57.5%
      adversarial_opt/envelope/seed=42: fail=45.0% stuck=15.0% safe=40.0%
      adversarial_opt/forward_sampling/seed=42: fail=27.5% stuck=20.0% safe=52.5%
      uniform/single_belief/seed=123: fail=25.0% stuck=2.5% safe=72.5%
      uniform/envelope/seed=123: fail=32.5% stuck=15.0% safe=52.5%
      uniform/forward_sampling/seed=123: fail=30.0% stuck=10.0% safe=60.0%
      adversarial_opt/single_belief/seed=123: fail=35.0% stuck=0.0% safe=65.0%
      adversarial_opt/envelope/seed=123: fail=27.5% stuck=12.5% safe=60.0%
      adversarial_opt/forward_sampling/seed=123: fail=22.5% stuck=7.5% safe=70.0%
      uniform/single_belief/seed=456: fail=40.0% stuck=0.0% safe=60.0%
      uniform/envelope/seed=456: fail=40.0% stuck=10.0% safe=50.0%
      uniform/forward_sampling/seed=456: fail=47.5% stuck=5.0% safe=47.5%
      adversarial_opt/single_belief/seed=456: fail=30.0% stuck=2.5% safe=67.5%
      adversarial_opt/envelope/seed=456: fail=32.5% stuck=12.5% safe=55.0%
      adversarial_opt/forward_sampling/seed=456: fail=45.0% stuck=10.0% safe=45.0%
      uniform/single_belief/seed=789: fail=27.5% stuck=2.5% safe=70.0%
      uniform/envelope/seed=789: fail=40.0% stuck=10.0% safe=50.0%
      uniform/forward_sampling/seed=789: fail=32.5% stuck=22.5% safe=45.0%
      adversarial_opt/single_belief/seed=789: fail=42.5% stuck=2.5% safe=55.0%
      adversarial_opt/envelope/seed=789: fail=40.0% stuck=12.5% safe=47.5%
      adversarial_opt/forward_sampling/seed=789: fail=35.0% stuck=7.5% safe=57.5%
      uniform/single_belief/seed=1024: fail=37.5% stuck=2.5% safe=60.0%
      uniform/envelope/seed=1024: fail=27.5% stuck=27.5% safe=45.0%
      uniform/forward_sampling/seed=1024: fail=32.5% stuck=10.0% safe=57.5%
      adversarial_opt/single_belief/seed=1024: fail=32.5% stuck=2.5% safe=65.0%
      adversarial_opt/envelope/seed=1024: fail=45.0% stuck=12.5% safe=42.5%
      adversarial_opt/forward_sampling/seed=1024: fail=45.0% stuck=20.0% safe=35.0%

======================================================================
ALPHA = 0.075
======================================================================
  Training RL agent for alpha=0.075...

  --- beta = 0.7 ---
    Training adversarial realization (envelope) for alpha=0.075, beta=0.7...
      uniform/single_belief/seed=42: fail=37.5% stuck=0.0% safe=62.5%
      uniform/envelope/seed=42: fail=42.5% stuck=5.0% safe=52.5%
      uniform/forward_sampling/seed=42: fail=30.0% stuck=2.5% safe=67.5%
      adversarial_opt/single_belief/seed=42: fail=50.0% stuck=0.0% safe=50.0%
      adversarial_opt/envelope/seed=42: fail=42.5% stuck=2.5% safe=55.0%
      adversarial_opt/forward_sampling/seed=42: fail=30.0% stuck=5.0% safe=65.0%
      uniform/single_belief/seed=123: fail=45.0% stuck=0.0% safe=55.0%
      uniform/envelope/seed=123: fail=55.0% stuck=5.0% safe=40.0%
      uniform/forward_sampling/seed=123: fail=37.5% stuck=5.0% safe=57.5%
      adversarial_opt/single_belief/seed=123: fail=52.5% stuck=0.0% safe=47.5%
      adversarial_opt/envelope/seed=123: fail=32.5% stuck=2.5% safe=65.0%
      adversarial_opt/forward_sampling/seed=123: fail=47.5% stuck=2.5% safe=50.0%
      uniform/single_belief/seed=456: fail=42.5% stuck=2.5% safe=55.0%
      uniform/envelope/seed=456: fail=57.5% stuck=0.0% safe=42.5%
      uniform/forward_sampling/seed=456: fail=40.0% stuck=0.0% safe=60.0%
      adversarial_opt/single_belief/seed=456: fail=35.0% stuck=0.0% safe=65.0%
      adversarial_opt/envelope/seed=456: fail=35.0% stuck=2.5% safe=62.5%
      adversarial_opt/forward_sampling/seed=456: fail=40.0% stuck=5.0% safe=55.0%
      uniform/single_belief/seed=789: fail=47.5% stuck=0.0% safe=52.5%
      uniform/envelope/seed=789: fail=40.0% stuck=2.5% safe=57.5%
      uniform/forward_sampling/seed=789: fail=45.0% stuck=2.5% safe=52.5%
      adversarial_opt/single_belief/seed=789: fail=40.0% stuck=2.5% safe=57.5%
      adversarial_opt/envelope/seed=789: fail=55.0% stuck=2.5% safe=42.5%
      adversarial_opt/forward_sampling/seed=789: fail=40.0% stuck=2.5% safe=57.5%
      uniform/single_belief/seed=1024: fail=42.5% stuck=2.5% safe=55.0%
      uniform/envelope/seed=1024: fail=40.0% stuck=12.5% safe=47.5%
      uniform/forward_sampling/seed=1024: fail=40.0% stuck=0.0% safe=60.0%
      adversarial_opt/single_belief/seed=1024: fail=45.0% stuck=0.0% safe=55.0%
      adversarial_opt/envelope/seed=1024: fail=47.5% stuck=5.0% safe=47.5%
      adversarial_opt/forward_sampling/seed=1024: fail=37.5% stuck=7.5% safe=55.0%

  --- beta = 0.8 ---
    Training adversarial realization (envelope) for alpha=0.075, beta=0.8...
      uniform/single_belief/seed=42: fail=45.0% stuck=2.5% safe=52.5%
      uniform/envelope/seed=42: fail=37.5% stuck=2.5% safe=60.0%
      uniform/forward_sampling/seed=42: fail=35.0% stuck=5.0% safe=60.0%
      adversarial_opt/single_belief/seed=42: fail=42.5% stuck=0.0% safe=57.5%
      adversarial_opt/envelope/seed=42: fail=25.0% stuck=0.0% safe=75.0%
      adversarial_opt/forward_sampling/seed=42: fail=27.5% stuck=2.5% safe=70.0%
      uniform/single_belief/seed=123: fail=42.5% stuck=0.0% safe=57.5%
      uniform/envelope/seed=123: fail=35.0% stuck=12.5% safe=52.5%
      uniform/forward_sampling/seed=123: fail=52.5% stuck=5.0% safe=42.5%
      adversarial_opt/single_belief/seed=123: fail=37.5% stuck=0.0% safe=62.5%
      adversarial_opt/envelope/seed=123: fail=35.0% stuck=2.5% safe=62.5%
      adversarial_opt/forward_sampling/seed=123: fail=42.5% stuck=5.0% safe=52.5%
      uniform/single_belief/seed=456: fail=45.0% stuck=2.5% safe=52.5%
      uniform/envelope/seed=456: fail=37.5% stuck=2.5% safe=60.0%
      uniform/forward_sampling/seed=456: fail=30.0% stuck=2.5% safe=67.5%
      adversarial_opt/single_belief/seed=456: fail=42.5% stuck=0.0% safe=57.5%
      adversarial_opt/envelope/seed=456: fail=42.5% stuck=5.0% safe=52.5%
      adversarial_opt/forward_sampling/seed=456: fail=35.0% stuck=2.5% safe=62.5%
      uniform/single_belief/seed=789: fail=45.0% stuck=2.5% safe=52.5%
      uniform/envelope/seed=789: fail=42.5% stuck=2.5% safe=55.0%
      uniform/forward_sampling/seed=789: fail=45.0% stuck=2.5% safe=52.5%
      adversarial_opt/single_belief/seed=789: fail=52.5% stuck=0.0% safe=47.5%
      adversarial_opt/envelope/seed=789: fail=50.0% stuck=2.5% safe=47.5%
      adversarial_opt/forward_sampling/seed=789: fail=57.5% stuck=0.0% safe=42.5%
      uniform/single_belief/seed=1024: fail=30.0% stuck=0.0% safe=70.0%
      uniform/envelope/seed=1024: fail=47.5% stuck=7.5% safe=45.0%
      uniform/forward_sampling/seed=1024: fail=32.5% stuck=5.0% safe=62.5%
      adversarial_opt/single_belief/seed=1024: fail=35.0% stuck=2.5% safe=62.5%
      adversarial_opt/envelope/seed=1024: fail=42.5% stuck=10.0% safe=47.5%
      adversarial_opt/forward_sampling/seed=1024: fail=37.5% stuck=5.0% safe=57.5%

  --- beta = 0.9 ---
    Training adversarial realization (envelope) for alpha=0.075, beta=0.9...
      uniform/single_belief/seed=42: fail=32.5% stuck=2.5% safe=65.0%
      uniform/envelope/seed=42: fail=32.5% stuck=15.0% safe=52.5%
      uniform/forward_sampling/seed=42: fail=27.5% stuck=17.5% safe=55.0%
      adversarial_opt/single_belief/seed=42: fail=25.0% stuck=0.0% safe=75.0%
      adversarial_opt/envelope/seed=42: fail=27.5% stuck=12.5% safe=60.0%
      adversarial_opt/forward_sampling/seed=42: fail=37.5% stuck=12.5% safe=50.0%
      uniform/single_belief/seed=123: fail=42.5% stuck=2.5% safe=55.0%
      uniform/envelope/seed=123: fail=40.0% stuck=12.5% safe=47.5%
      uniform/forward_sampling/seed=123: fail=32.5% stuck=15.0% safe=52.5%
      adversarial_opt/single_belief/seed=123: fail=22.5% stuck=2.5% safe=75.0%
      adversarial_opt/envelope/seed=123: fail=35.0% stuck=17.5% safe=47.5%
      adversarial_opt/forward_sampling/seed=123: fail=32.5% stuck=32.5% safe=35.0%
      uniform/single_belief/seed=456: fail=27.5% stuck=5.0% safe=67.5%
      uniform/envelope/seed=456: fail=27.5% stuck=15.0% safe=57.5%
      uniform/forward_sampling/seed=456: fail=42.5% stuck=10.0% safe=47.5%
      adversarial_opt/single_belief/seed=456: fail=37.5% stuck=0.0% safe=62.5%
      adversarial_opt/envelope/seed=456: fail=30.0% stuck=15.0% safe=55.0%
      adversarial_opt/forward_sampling/seed=456: fail=27.5% stuck=2.5% safe=70.0%
      uniform/single_belief/seed=789: fail=37.5% stuck=5.0% safe=57.5%
      uniform/envelope/seed=789: fail=35.0% stuck=25.0% safe=40.0%
      uniform/forward_sampling/seed=789: fail=25.0% stuck=12.5% safe=62.5%
      adversarial_opt/single_belief/seed=789: fail=30.0% stuck=0.0% safe=70.0%
      adversarial_opt/envelope/seed=789: fail=42.5% stuck=17.5% safe=40.0%
      adversarial_opt/forward_sampling/seed=789: fail=30.0% stuck=12.5% safe=57.5%
      uniform/single_belief/seed=1024: fail=37.5% stuck=0.0% safe=62.5%
      uniform/envelope/seed=1024: fail=40.0% stuck=5.0% safe=55.0%
      uniform/forward_sampling/seed=1024: fail=30.0% stuck=2.5% safe=67.5%
      adversarial_opt/single_belief/seed=1024: fail=32.5% stuck=0.0% safe=67.5%
      adversarial_opt/envelope/seed=1024: fail=42.5% stuck=15.0% safe=42.5%
      adversarial_opt/forward_sampling/seed=1024: fail=40.0% stuck=10.0% safe=50.0%

======================================================================
ALPHA = 0.1
======================================================================
  Training RL agent for alpha=0.1...

  --- beta = 0.7 ---
    Training adversarial realization (envelope) for alpha=0.1, beta=0.7...
      uniform/single_belief/seed=42: fail=35.0% stuck=0.0% safe=65.0%
      uniform/envelope/seed=42: fail=37.5% stuck=2.5% safe=60.0%
      uniform/forward_sampling/seed=42: fail=37.5% stuck=0.0% safe=62.5%
      adversarial_opt/single_belief/seed=42: fail=35.0% stuck=0.0% safe=65.0%
      adversarial_opt/envelope/seed=42: fail=37.5% stuck=2.5% safe=60.0%
      adversarial_opt/forward_sampling/seed=42: fail=27.5% stuck=0.0% safe=72.5%
      uniform/single_belief/seed=123: fail=35.0% stuck=0.0% safe=65.0%
      uniform/envelope/seed=123: fail=35.0% stuck=7.5% safe=57.5%
      uniform/forward_sampling/seed=123: fail=32.5% stuck=0.0% safe=67.5%
      adversarial_opt/single_belief/seed=123: fail=45.0% stuck=0.0% safe=55.0%
      adversarial_opt/envelope/seed=123: fail=37.5% stuck=5.0% safe=57.5%
      adversarial_opt/forward_sampling/seed=123: fail=27.5% stuck=5.0% safe=67.5%
      uniform/single_belief/seed=456: fail=37.5% stuck=0.0% safe=62.5%
      uniform/envelope/seed=456: fail=37.5% stuck=7.5% safe=55.0%
      uniform/forward_sampling/seed=456: fail=37.5% stuck=2.5% safe=60.0%
      adversarial_opt/single_belief/seed=456: fail=27.5% stuck=0.0% safe=72.5%
      adversarial_opt/envelope/seed=456: fail=40.0% stuck=5.0% safe=55.0%
      adversarial_opt/forward_sampling/seed=456: fail=32.5% stuck=2.5% safe=65.0%
      uniform/single_belief/seed=789: fail=55.0% stuck=0.0% safe=45.0%
      uniform/envelope/seed=789: fail=57.5% stuck=2.5% safe=40.0%
      uniform/forward_sampling/seed=789: fail=60.0% stuck=0.0% safe=40.0%
      adversarial_opt/single_belief/seed=789: fail=30.0% stuck=2.5% safe=67.5%
      adversarial_opt/envelope/seed=789: fail=42.5% stuck=5.0% safe=52.5%
      adversarial_opt/forward_sampling/seed=789: fail=40.0% stuck=0.0% safe=60.0%
      uniform/single_belief/seed=1024: fail=42.5% stuck=0.0% safe=57.5%
      uniform/envelope/seed=1024: fail=37.5% stuck=0.0% safe=62.5%
      uniform/forward_sampling/seed=1024: fail=42.5% stuck=2.5% safe=55.0%
      adversarial_opt/single_belief/seed=1024: fail=35.0% stuck=0.0% safe=65.0%
      adversarial_opt/envelope/seed=1024: fail=32.5% stuck=5.0% safe=62.5%
      adversarial_opt/forward_sampling/seed=1024: fail=42.5% stuck=5.0% safe=52.5%

  --- beta = 0.8 ---
    Training adversarial realization (envelope) for alpha=0.1, beta=0.8...
      uniform/single_belief/seed=42: fail=37.5% stuck=0.0% safe=62.5%
      uniform/envelope/seed=42: fail=30.0% stuck=5.0% safe=65.0%
      uniform/forward_sampling/seed=42: fail=40.0% stuck=2.5% safe=57.5%
      adversarial_opt/single_belief/seed=42: fail=50.0% stuck=0.0% safe=50.0%
      adversarial_opt/envelope/seed=42: fail=47.5% stuck=0.0% safe=52.5%
      adversarial_opt/forward_sampling/seed=42: fail=47.5% stuck=0.0% safe=52.5%
      uniform/single_belief/seed=123: fail=32.5% stuck=0.0% safe=67.5%
      uniform/envelope/seed=123: fail=35.0% stuck=2.5% safe=62.5%
      uniform/forward_sampling/seed=123: fail=32.5% stuck=10.0% safe=57.5%
      adversarial_opt/single_belief/seed=123: fail=32.5% stuck=0.0% safe=67.5%
      adversarial_opt/envelope/seed=123: fail=25.0% stuck=5.0% safe=70.0%
      adversarial_opt/forward_sampling/seed=123: fail=25.0% stuck=5.0% safe=70.0%
      uniform/single_belief/seed=456: fail=37.5% stuck=0.0% safe=62.5%
      uniform/envelope/seed=456: fail=35.0% stuck=10.0% safe=55.0%
      uniform/forward_sampling/seed=456: fail=30.0% stuck=5.0% safe=65.0%
      adversarial_opt/single_belief/seed=456: fail=22.5% stuck=0.0% safe=77.5%
      adversarial_opt/envelope/seed=456: fail=30.0% stuck=5.0% safe=65.0%
      adversarial_opt/forward_sampling/seed=456: fail=22.5% stuck=0.0% safe=77.5%
      uniform/single_belief/seed=789: fail=60.0% stuck=0.0% safe=40.0%
      uniform/envelope/seed=789: fail=47.5% stuck=5.0% safe=47.5%
      uniform/forward_sampling/seed=789: fail=55.0% stuck=2.5% safe=42.5%
      adversarial_opt/single_belief/seed=789: fail=27.5% stuck=2.5% safe=70.0%
      adversarial_opt/envelope/seed=789: fail=37.5% stuck=2.5% safe=60.0%
      adversarial_opt/forward_sampling/seed=789: fail=35.0% stuck=2.5% safe=62.5%
      uniform/single_belief/seed=1024: fail=45.0% stuck=0.0% safe=55.0%
      uniform/envelope/seed=1024: fail=47.5% stuck=7.5% safe=45.0%
      uniform/forward_sampling/seed=1024: fail=37.5% stuck=0.0% safe=62.5%
      adversarial_opt/single_belief/seed=1024: fail=37.5% stuck=0.0% safe=62.5%
      adversarial_opt/envelope/seed=1024: fail=32.5% stuck=7.5% safe=60.0%
      adversarial_opt/forward_sampling/seed=1024: fail=37.5% stuck=0.0% safe=62.5%

  --- beta = 0.9 ---
    Training adversarial realization (envelope) for alpha=0.1, beta=0.9...
      uniform/single_belief/seed=42: fail=35.0% stuck=0.0% safe=65.0%
      uniform/envelope/seed=42: fail=22.5% stuck=25.0% safe=52.5%
      uniform/forward_sampling/seed=42: fail=20.0% stuck=15.0% safe=65.0%
      adversarial_opt/single_belief/seed=42: fail=45.0% stuck=0.0% safe=55.0%
      adversarial_opt/envelope/seed=42: fail=30.0% stuck=12.5% safe=57.5%
      adversarial_opt/forward_sampling/seed=42: fail=30.0% stuck=15.0% safe=55.0%
      uniform/single_belief/seed=123: fail=37.5% stuck=0.0% safe=62.5%
      uniform/envelope/seed=123: fail=27.5% stuck=22.5% safe=50.0%
      uniform/forward_sampling/seed=123: fail=32.5% stuck=12.5% safe=55.0%
      adversarial_opt/single_belief/seed=123: fail=40.0% stuck=2.5% safe=57.5%
      adversarial_opt/envelope/seed=123: fail=25.0% stuck=22.5% safe=52.5%
      adversarial_opt/forward_sampling/seed=123: fail=30.0% stuck=10.0% safe=60.0%
      uniform/single_belief/seed=456: fail=25.0% stuck=0.0% safe=75.0%
      uniform/envelope/seed=456: fail=35.0% stuck=10.0% safe=55.0%
      uniform/forward_sampling/seed=456: fail=30.0% stuck=7.5% safe=62.5%
      adversarial_opt/single_belief/seed=456: fail=47.5% stuck=2.5% safe=50.0%
      adversarial_opt/envelope/seed=456: fail=37.5% stuck=12.5% safe=50.0%
      adversarial_opt/forward_sampling/seed=456: fail=35.0% stuck=22.5% safe=42.5%
      uniform/single_belief/seed=789: fail=42.5% stuck=0.0% safe=57.5%
      uniform/envelope/seed=789: fail=47.5% stuck=10.0% safe=42.5%
      uniform/forward_sampling/seed=789: fail=37.5% stuck=7.5% safe=55.0%
      adversarial_opt/single_belief/seed=789: fail=32.5% stuck=0.0% safe=67.5%
      adversarial_opt/envelope/seed=789: fail=32.5% stuck=20.0% safe=47.5%
      adversarial_opt/forward_sampling/seed=789: fail=35.0% stuck=7.5% safe=57.5%
      uniform/single_belief/seed=1024: fail=47.5% stuck=0.0% safe=52.5%
      uniform/envelope/seed=1024: fail=37.5% stuck=7.5% safe=55.0%
      uniform/forward_sampling/seed=1024: fail=30.0% stuck=7.5% safe=62.5%
      adversarial_opt/single_belief/seed=1024: fail=37.5% stuck=0.0% safe=62.5%
      adversarial_opt/envelope/seed=1024: fail=37.5% stuck=12.5% safe=50.0%
      adversarial_opt/forward_sampling/seed=1024: fail=30.0% stuck=7.5% safe=62.5%

======================================================================
ALPHA = 0.15
======================================================================
  Training RL agent for alpha=0.15...

  --- beta = 0.7 ---
    Training adversarial realization (envelope) for alpha=0.15, beta=0.7...
      uniform/single_belief/seed=42: fail=37.5% stuck=0.0% safe=62.5%
      uniform/envelope/seed=42: fail=45.0% stuck=2.5% safe=52.5%
      uniform/forward_sampling/seed=42: fail=40.0% stuck=2.5% safe=57.5%
      adversarial_opt/single_belief/seed=42: fail=30.0% stuck=0.0% safe=70.0%
      adversarial_opt/envelope/seed=42: fail=32.5% stuck=0.0% safe=67.5%
      adversarial_opt/forward_sampling/seed=42: fail=32.5% stuck=0.0% safe=67.5%
      uniform/single_belief/seed=123: fail=57.5% stuck=0.0% safe=42.5%
      uniform/envelope/seed=123: fail=32.5% stuck=2.5% safe=65.0%
      uniform/forward_sampling/seed=123: fail=32.5% stuck=0.0% safe=67.5%
      adversarial_opt/single_belief/seed=123: fail=42.5% stuck=0.0% safe=57.5%
      adversarial_opt/envelope/seed=123: fail=32.5% stuck=2.5% safe=65.0%
      adversarial_opt/forward_sampling/seed=123: fail=35.0% stuck=0.0% safe=65.0%
      uniform/single_belief/seed=456: fail=22.5% stuck=0.0% safe=77.5%
      uniform/envelope/seed=456: fail=40.0% stuck=2.5% safe=57.5%
      uniform/forward_sampling/seed=456: fail=40.0% stuck=0.0% safe=60.0%
      adversarial_opt/single_belief/seed=456: fail=42.5% stuck=0.0% safe=57.5%
      adversarial_opt/envelope/seed=456: fail=42.5% stuck=0.0% safe=57.5%
      adversarial_opt/forward_sampling/seed=456: fail=30.0% stuck=0.0% safe=70.0%
      uniform/single_belief/seed=789: fail=37.5% stuck=0.0% safe=62.5%
      uniform/envelope/seed=789: fail=42.5% stuck=0.0% safe=57.5%
      uniform/forward_sampling/seed=789: fail=42.5% stuck=0.0% safe=57.5%
      adversarial_opt/single_belief/seed=789: fail=32.5% stuck=0.0% safe=67.5%
      adversarial_opt/envelope/seed=789: fail=35.0% stuck=2.5% safe=62.5%
      adversarial_opt/forward_sampling/seed=789: fail=45.0% stuck=0.0% safe=55.0%
      uniform/single_belief/seed=1024: fail=30.0% stuck=0.0% safe=70.0%
      uniform/envelope/seed=1024: fail=40.0% stuck=5.0% safe=55.0%
      uniform/forward_sampling/seed=1024: fail=35.0% stuck=0.0% safe=65.0%
      adversarial_opt/single_belief/seed=1024: fail=35.0% stuck=0.0% safe=65.0%
      adversarial_opt/envelope/seed=1024: fail=30.0% stuck=2.5% safe=67.5%
      adversarial_opt/forward_sampling/seed=1024: fail=32.5% stuck=0.0% safe=67.5%

  --- beta = 0.8 ---
    Training adversarial realization (envelope) for alpha=0.15, beta=0.8...
